! This is an input file for a SC-initialized COSMO run
! Valley Flow
! 06:00:00 UTC
! 21 March, 2007
! Rampanelli-based with 5K surface stable layer

&SC_2D

u_sc     = 0.0, 0.0, 0.0, 0.0, 0.0, 0.0, 0.0, 0.0, 0.0, 0.0, 0.0, 0.0, 0.0, 0.0, 0.0, 0.0, 0.0, 0.0, 0.0, 0.0, 0.0, 0.0, 0.0, 0.0, 0.0, 0.0, 0.0, 0.0, 0.0, 0.0, 0.0, 0.0, 0.0, 0.0, 0.0, 0.0, 0.0, 0.0, 0.0, 0.0, 0.0, 0.0, 0.0, 0.0, 0.0, 0.0, 0.0, 0.0, 0.0, 0.0, 0.0, 0.0, 0.0, 0.0, 0.0, 0.0, 0.0, 0.0, 0.0, 0.0, 0.0, 0.0, 0.0, 0.0, 0.0, 0.0, 0.0, 0.0, 0.0, 0.0, 0.0, 0.0, 0.0, 0.0, 0.0, 0.0, 0.0, 0.0, 0.0, 0.0, 0.0, 0.0, 0.0, 0.0, 0.0, 0.0, 0.0, 0.0, 0.0, 0.0, 0.0, 0.0, 0.0, 0.0, 0.0, 0.0, 0.0, 0.0, 0.0, 0.0, 0.0, 0.0, 0.0, 0.0, 0.0, 0.0, 0.0, 0.0, 0.0, 0.0, 0.0, 0.0, 0.0, 0.0, 0.0, 0.0, 0.0, 0.0, 0.0, 0.0, 0.0, 0.0, 0.0, 0.0, 0.0, 0.0, 0.0, 0.0, 0.0, 0.0, 0.0, 0.0, 0.0, 0.0, 0.0, 0.0, 0.0, 0.0, 0.0, 0.0, 0.0, 0.0, 0.0, 0.0, 0.0, 0.0, 0.0, 0.0, 0.0, 0.0, 0.0, 0.0, 0.0, 0.0, 0.0, 0.0, 0.0, 0.0, 0.0, 0.0, 0.0, 0.0, 0.0, 0.0, 0.0, 0.0, 0.0, 0.0, 0.0, 0.0, 0.0, 0.0, 0.0, 0.0, 0.0, 0.0, 0.0, 0.0, 0.0, 0.0, 0.0, 0.0, 0.0, 0.0, 0.0, 0.0, 0.0, 0.0, 0.0, 0.0, 0.0, 0.0, 0.0, 0.0, 0.0, 0.0, 0.0, 0.0, 0.0, 0.0, 0.0, 0.0, 0.0, 0.0, 0.0, 0.0, 0.0, 0.0, 0.0, 0.0, 0.0, 0.0, 0.0, 0.0, 0.0, 0.0, 0.0, 0.0, 0.0, 0.0, 0.0, 0.0, 0.0, 0.0, 0.0, 0.0, 0.0, 0.0, 0.0, 0.0, 0.0, 0.0, 0.0, 0.0, 0.0, 0.0, 0.0, 0.0, 0.0, 0.0, 0.0, 0.0, 0.0, 0.0, 0.0, 0.0, 0.0, 0.0, 0.0, 0.0, 0.0, 0.0, 0.0, 0.0, 0.0, 0.0, 0.0, 0.0, 0.0, 0.0, 0.0, 0.0, 0.0, 0.0, 0.0, 0.0, 0.0, 0.0, 0.0, 0.0, 0.0, 0.0, 0.0, 0.0, 0.0, 0.0, 0.0, 0.0, 0.0, 0.0, 0.0, 0.0, 0.0, 0.0, 0.0, 0.0, 0.0, 0.0, 0.0, 0.0, 0.0, 0.0, 0.0, 0.0, 0.0, 0.0, 0.0, 0.0, 0.0, 0.0, 0.0,
u_z_sc   = 0.0, 50.0, 100.0, 150.0, 200.0, 250.0, 300.0, 350.0, 400.0, 450.0, 500.0, 550.0, 600.0, 650.0, 700.0, 750.0, 800.0, 850.0, 900.0, 950.0, 1000.0, 1050.0, 1100.0, 1150.0, 1200.0, 1250.0, 1300.0, 1350.0, 1400.0, 1450.0, 1500.0, 1550.0, 1600.0, 1650.0, 1700.0, 1750.0, 1800.0, 1850.0, 1900.0, 1950.0, 2000.0, 2050.0, 2100.0, 2150.0, 2200.0, 2250.0, 2300.0, 2350.0, 2400.0, 2450.0, 2500.0, 2550.0, 2600.0, 2650.0, 2700.0, 2750.0, 2800.0, 2850.0, 2900.0, 2950.0, 3000.0, 3050.0, 3100.0, 3150.0, 3200.0, 3250.0, 3300.0, 3350.0, 3400.0, 3450.0, 3500.0, 3550.0, 3600.0, 3650.0, 3700.0, 3750.0, 3800.0, 3850.0, 3900.0, 3950.0, 4000.0, 4050.0, 4100.0, 4150.0, 4200.0, 4250.0, 4300.0, 4350.0, 4400.0, 4450.0, 4500.0, 4550.0, 4600.0, 4650.0, 4700.0, 4750.0, 4800.0, 4850.0, 4900.0, 4950.0, 5000.0, 5050.0, 5100.0, 5150.0, 5200.0, 5250.0, 5300.0, 5350.0, 5400.0, 5450.0, 5500.0, 5550.0, 5600.0, 5650.0, 5700.0, 5750.0, 5800.0, 5850.0, 5900.0, 5950.0, 6000.0, 6050.0, 6100.0, 6150.0, 6200.0, 6250.0, 6300.0, 6350.0, 6400.0, 6450.0, 6500.0, 6550.0, 6600.0, 6650.0, 6700.0, 6750.0, 6800.0, 6850.0, 6900.0, 6950.0, 7000.0, 7050.0, 7100.0, 7150.0, 7200.0, 7250.0, 7300.0, 7350.0, 7400.0, 7450.0, 7500.0, 7550.0, 7600.0, 7650.0, 7700.0, 7750.0, 7800.0, 7850.0, 7900.0, 7950.0, 8000.0, 8050.0, 8100.0, 8150.0, 8200.0, 8250.0, 8300.0, 8350.0, 8400.0, 8450.0, 8500.0, 8550.0, 8600.0, 8650.0, 8700.0, 8750.0, 8800.0, 8850.0, 8900.0, 8950.0, 9000.0, 9050.0, 9100.0, 9150.0, 9200.0, 9250.0, 9300.0, 9350.0, 9400.0, 9450.0, 9500.0, 9550.0, 9600.0, 9650.0, 9700.0, 9750.0, 9800.0, 9850.0, 9900.0, 9950.0, 10000.0, 10050.0, 10100.0, 10150.0, 10200.0, 10250.0, 10300.0, 10350.0, 10400.0, 10450.0, 10500.0, 10550.0, 10600.0, 10650.0, 10700.0, 10750.0, 10800.0, 10850.0, 10900.0, 10950.0, 11000.0, 11050.0, 11100.0, 11150.0, 11200.0, 11250.0, 11300.0, 11350.0, 11400.0, 11450.0, 11500.0, 11550.0, 11600.0, 11650.0, 11700.0, 11750.0, 11800.0, 11850.0, 11900.0, 11950.0, 12000.0, 12050.0, 12100.0, 12150.0, 12200.0, 12250.0, 12300.0, 12350.0, 12400.0, 12450.0, 12500.0, 12550.0, 12600.0, 12650.0, 12700.0, 12750.0, 12800.0, 12850.0, 12900.0, 12950.0, 13000.0, 13050.0, 13100.0, 13150.0, 13200.0, 13250.0, 13300.0, 13350.0, 13400.0, 13450.0, 13500.0, 13550.0, 13600.0, 13650.0, 13700.0, 13750.0, 13800.0, 13850.0, 13900.0, 13950.0, 14000.0, 14050.0, 14100.0, 14150.0, 14200.0, 14250.0, 14300.0, 14350.0, 14400.0, 14450.0, 14500.0, 14550.0, 14600.0, 14650.0, 14700.0, 14750.0, 14800.0, 14850.0, 14900.0, 14950.0, 15000.0,
v_sc     = 0.0, 0.0, 0.0, 0.0, 0.0, 0.0, 0.0, 0.0, 0.0, 0.0, 0.0, 0.0, 0.0, 0.0, 0.0, 0.0, 0.0, 0.0, 0.0, 0.0, 0.0, 0.0, 0.0, 0.0, 0.0, 0.0, 0.0, 0.0, 0.0, 0.0, 0.0, 0.0, 0.0, 0.0, 0.0, 0.0, 0.0, 0.0, 0.0, 0.0, 0.0, 0.0, 0.0, 0.0, 0.0, 0.0, 0.0, 0.0, 0.0, 0.0, 0.0, 0.0, 0.0, 0.0, 0.0, 0.0, 0.0, 0.0, 0.0, 0.0, 0.0, 0.0, 0.0, 0.0, 0.0, 0.0, 0.0, 0.0, 0.0, 0.0, 0.0, 0.0, 0.0, 0.0, 0.0, 0.0, 0.0, 0.0, 0.0, 0.0, 0.0, 0.0, 0.0, 0.0, 0.0, 0.0, 0.0, 0.0, 0.0, 0.0, 0.0, 0.0, 0.0, 0.0, 0.0, 0.0, 0.0, 0.0, 0.0, 0.0, 0.0, 0.0, 0.0, 0.0, 0.0, 0.0, 0.0, 0.0, 0.0, 0.0, 0.0, 0.0, 0.0, 0.0, 0.0, 0.0, 0.0, 0.0, 0.0, 0.0, 0.0, 0.0, 0.0, 0.0, 0.0, 0.0, 0.0, 0.0, 0.0, 0.0, 0.0, 0.0, 0.0, 0.0, 0.0, 0.0, 0.0, 0.0, 0.0, 0.0, 0.0, 0.0, 0.0, 0.0, 0.0, 0.0, 0.0, 0.0, 0.0, 0.0, 0.0, 0.0, 0.0, 0.0, 0.0, 0.0, 0.0, 0.0, 0.0, 0.0, 0.0, 0.0, 0.0, 0.0, 0.0, 0.0, 0.0, 0.0, 0.0, 0.0, 0.0, 0.0, 0.0, 0.0, 0.0, 0.0, 0.0, 0.0, 0.0, 0.0, 0.0, 0.0, 0.0, 0.0, 0.0, 0.0, 0.0, 0.0, 0.0, 0.0, 0.0, 0.0, 0.0, 0.0, 0.0, 0.0, 0.0, 0.0, 0.0, 0.0, 0.0, 0.0, 0.0, 0.0, 0.0, 0.0, 0.0, 0.0, 0.0, 0.0, 0.0, 0.0, 0.0, 0.0, 0.0, 0.0, 0.0, 0.0, 0.0, 0.0, 0.0, 0.0, 0.0, 0.0, 0.0, 0.0, 0.0, 0.0, 0.0, 0.0, 0.0, 0.0, 0.0, 0.0, 0.0, 0.0, 0.0, 0.0, 0.0, 0.0, 0.0, 0.0, 0.0, 0.0, 0.0, 0.0, 0.0, 0.0, 0.0, 0.0, 0.0, 0.0, 0.0, 0.0, 0.0, 0.0, 0.0, 0.0, 0.0, 0.0, 0.0, 0.0, 0.0, 0.0, 0.0, 0.0, 0.0, 0.0, 0.0, 0.0, 0.0, 0.0, 0.0, 0.0, 0.0, 0.0, 0.0, 0.0, 0.0, 0.0, 0.0, 0.0, 0.0, 0.0, 0.0, 0.0, 0.0, 0.0, 0.0, 0.0, 0.0, 0.0, 0.0, 0.0, 0.0, 0.0, 0.0, 0.0, 0.0, 0.0, 0.0,
v_z_sc   = 0.0, 50.0, 100.0, 150.0, 200.0, 250.0, 300.0, 350.0, 400.0, 450.0, 500.0, 550.0, 600.0, 650.0, 700.0, 750.0, 800.0, 850.0, 900.0, 950.0, 1000.0, 1050.0, 1100.0, 1150.0, 1200.0, 1250.0, 1300.0, 1350.0, 1400.0, 1450.0, 1500.0, 1550.0, 1600.0, 1650.0, 1700.0, 1750.0, 1800.0, 1850.0, 1900.0, 1950.0, 2000.0, 2050.0, 2100.0, 2150.0, 2200.0, 2250.0, 2300.0, 2350.0, 2400.0, 2450.0, 2500.0, 2550.0, 2600.0, 2650.0, 2700.0, 2750.0, 2800.0, 2850.0, 2900.0, 2950.0, 3000.0, 3050.0, 3100.0, 3150.0, 3200.0, 3250.0, 3300.0, 3350.0, 3400.0, 3450.0, 3500.0, 3550.0, 3600.0, 3650.0, 3700.0, 3750.0, 3800.0, 3850.0, 3900.0, 3950.0, 4000.0, 4050.0, 4100.0, 4150.0, 4200.0, 4250.0, 4300.0, 4350.0, 4400.0, 4450.0, 4500.0, 4550.0, 4600.0, 4650.0, 4700.0, 4750.0, 4800.0, 4850.0, 4900.0, 4950.0, 5000.0, 5050.0, 5100.0, 5150.0, 5200.0, 5250.0, 5300.0, 5350.0, 5400.0, 5450.0, 5500.0, 5550.0, 5600.0, 5650.0, 5700.0, 5750.0, 5800.0, 5850.0, 5900.0, 5950.0, 6000.0, 6050.0, 6100.0, 6150.0, 6200.0, 6250.0, 6300.0, 6350.0, 6400.0, 6450.0, 6500.0, 6550.0, 6600.0, 6650.0, 6700.0, 6750.0, 6800.0, 6850.0, 6900.0, 6950.0, 7000.0, 7050.0, 7100.0, 7150.0, 7200.0, 7250.0, 7300.0, 7350.0, 7400.0, 7450.0, 7500.0, 7550.0, 7600.0, 7650.0, 7700.0, 7750.0, 7800.0, 7850.0, 7900.0, 7950.0, 8000.0, 8050.0, 8100.0, 8150.0, 8200.0, 8250.0, 8300.0, 8350.0, 8400.0, 8450.0, 8500.0, 8550.0, 8600.0, 8650.0, 8700.0, 8750.0, 8800.0, 8850.0, 8900.0, 8950.0, 9000.0, 9050.0, 9100.0, 9150.0, 9200.0, 9250.0, 9300.0, 9350.0, 9400.0, 9450.0, 9500.0, 9550.0, 9600.0, 9650.0, 9700.0, 9750.0, 9800.0, 9850.0, 9900.0, 9950.0, 10000.0, 10050.0, 10100.0, 10150.0, 10200.0, 10250.0, 10300.0, 10350.0, 10400.0, 10450.0, 10500.0, 10550.0, 10600.0, 10650.0, 10700.0, 10750.0, 10800.0, 10850.0, 10900.0, 10950.0, 11000.0, 11050.0, 11100.0, 11150.0, 11200.0, 11250.0, 11300.0, 11350.0, 11400.0, 11450.0, 11500.0, 11550.0, 11600.0, 11650.0, 11700.0, 11750.0, 11800.0, 11850.0, 11900.0, 11950.0, 12000.0, 12050.0, 12100.0, 12150.0, 12200.0, 12250.0, 12300.0, 12350.0, 12400.0, 12450.0, 12500.0, 12550.0, 12600.0, 12650.0, 12700.0, 12750.0, 12800.0, 12850.0, 12900.0, 12950.0, 13000.0, 13050.0, 13100.0, 13150.0, 13200.0, 13250.0, 13300.0, 13350.0, 13400.0, 13450.0, 13500.0, 13550.0, 13600.0, 13650.0, 13700.0, 13750.0, 13800.0, 13850.0, 13900.0, 13950.0, 14000.0, 14050.0, 14100.0, 14150.0, 14200.0, 14250.0, 14300.0, 14350.0, 14400.0, 14450.0, 14500.0, 14550.0, 14600.0, 14650.0, 14700.0, 14750.0, 14800.0, 14850.0, 14900.0, 14950.0, 15000.0,
pt_sc     = 280.0, 280.64, 281.23, 281.78, 282.29, 282.77, 283.22, 283.64, 284.03, 284.41, 284.76, 285.1, 285.41, 285.72, 286.01, 286.28, 286.55, 286.81, 287.05, 287.29, 287.52, 287.75, 287.97, 288.18, 288.39, 288.59, 288.79, 288.98, 289.18, 289.36, 289.55, 289.73, 289.92, 290.1, 290.27, 290.45, 290.62, 290.8, 290.97, 291.14, 291.31, 291.48, 291.65, 291.81, 291.98, 292.14, 292.31, 292.47, 292.64, 292.8, 292.97, 293.13, 293.29, 293.46, 293.62, 293.78, 293.94, 294.1, 294.26, 294.43, 294.59, 294.75, 294.91, 295.07, 295.23, 295.39, 295.55, 295.71, 295.87, 296.03, 296.2, 296.36, 296.52, 296.68, 296.84, 297.0, 297.16, 297.32, 297.48, 297.64, 297.8, 297.96, 298.12, 298.28, 298.44, 298.6, 298.76, 298.92, 299.08, 299.24, 299.4, 299.56, 299.72, 299.88, 300.04, 300.2, 300.36, 300.52, 300.68, 300.84, 301.0, 301.16, 301.32, 301.48, 301.64, 301.8, 301.96, 302.12, 302.28, 302.44, 302.6, 302.76, 302.92, 303.08, 303.24, 303.4, 303.56, 303.72, 303.88, 304.04, 304.2, 304.36, 304.52, 304.68, 304.84, 305.0, 305.16, 305.32, 305.48, 305.64, 305.8, 305.96, 306.12, 306.28, 306.44, 306.6, 306.76, 306.92, 307.08, 307.24, 307.4, 307.56, 307.72, 307.88, 308.04, 308.2, 308.36, 308.52, 308.68, 308.84, 309.0, 309.16, 309.32, 309.48, 309.64, 309.8, 309.96, 310.12, 310.28, 310.44, 310.6, 310.76, 310.92, 311.08, 311.24, 311.4, 311.56, 311.72, 311.88, 312.04, 312.2, 312.36, 312.52, 312.68, 312.84, 313.0, 313.16, 313.32, 313.48, 313.64, 313.8, 313.96, 314.12, 314.28, 314.44, 314.6, 314.76, 314.92, 315.08, 315.24, 315.4, 315.56, 315.72, 315.88, 316.04, 316.2, 316.36, 316.52, 316.68, 316.84, 317.0, 317.16, 317.32, 317.48, 317.64, 317.8, 317.96, 318.12, 318.28, 318.44, 318.6, 318.76, 318.92, 319.08, 319.24, 319.4, 319.56, 319.72, 319.88, 320.04, 320.2, 320.36, 320.52, 320.68, 320.84, 321.0, 321.16, 321.32, 321.48, 321.64, 321.8, 321.96, 322.12, 322.28, 322.44, 322.6, 322.76, 322.92, 323.08, 323.24, 323.4, 323.56, 323.72, 323.88, 324.04, 324.2, 324.36, 324.52, 324.68, 324.84, 325.0, 325.16, 325.32, 325.48, 325.64, 325.8, 325.96, 326.12, 326.28, 326.44, 326.6, 326.76, 326.92, 327.08, 327.24, 327.4, 327.56, 327.72, 327.88, 328.04, 328.2, 328.36, 328.52, 328.68, 328.84, 329.0, 329.16, 329.32, 329.48, 329.64, 329.8, 329.96, 330.12, 330.28, 330.44, 330.6, 330.76, 330.92, 331.08, 331.24, 331.4, 331.56, 331.72, 331.88, 332.04, 332.2, 332.36, 332.52, 332.68, 332.84, 333.0,
pt_z_sc   = 0.0, 50.0, 100.0, 150.0, 200.0, 250.0, 300.0, 350.0, 400.0, 450.0, 500.0, 550.0, 600.0, 650.0, 700.0, 750.0, 800.0, 850.0, 900.0, 950.0, 1000.0, 1050.0, 1100.0, 1150.0, 1200.0, 1250.0, 1300.0, 1350.0, 1400.0, 1450.0, 1500.0, 1550.0, 1600.0, 1650.0, 1700.0, 1750.0, 1800.0, 1850.0, 1900.0, 1950.0, 2000.0, 2050.0, 2100.0, 2150.0, 2200.0, 2250.0, 2300.0, 2350.0, 2400.0, 2450.0, 2500.0, 2550.0, 2600.0, 2650.0, 2700.0, 2750.0, 2800.0, 2850.0, 2900.0, 2950.0, 3000.0, 3050.0, 3100.0, 3150.0, 3200.0, 3250.0, 3300.0, 3350.0, 3400.0, 3450.0, 3500.0, 3550.0, 3600.0, 3650.0, 3700.0, 3750.0, 3800.0, 3850.0, 3900.0, 3950.0, 4000.0, 4050.0, 4100.0, 4150.0, 4200.0, 4250.0, 4300.0, 4350.0, 4400.0, 4450.0, 4500.0, 4550.0, 4600.0, 4650.0, 4700.0, 4750.0, 4800.0, 4850.0, 4900.0, 4950.0, 5000.0, 5050.0, 5100.0, 5150.0, 5200.0, 5250.0, 5300.0, 5350.0, 5400.0, 5450.0, 5500.0, 5550.0, 5600.0, 5650.0, 5700.0, 5750.0, 5800.0, 5850.0, 5900.0, 5950.0, 6000.0, 6050.0, 6100.0, 6150.0, 6200.0, 6250.0, 6300.0, 6350.0, 6400.0, 6450.0, 6500.0, 6550.0, 6600.0, 6650.0, 6700.0, 6750.0, 6800.0, 6850.0, 6900.0, 6950.0, 7000.0, 7050.0, 7100.0, 7150.0, 7200.0, 7250.0, 7300.0, 7350.0, 7400.0, 7450.0, 7500.0, 7550.0, 7600.0, 7650.0, 7700.0, 7750.0, 7800.0, 7850.0, 7900.0, 7950.0, 8000.0, 8050.0, 8100.0, 8150.0, 8200.0, 8250.0, 8300.0, 8350.0, 8400.0, 8450.0, 8500.0, 8550.0, 8600.0, 8650.0, 8700.0, 8750.0, 8800.0, 8850.0, 8900.0, 8950.0, 9000.0, 9050.0, 9100.0, 9150.0, 9200.0, 9250.0, 9300.0, 9350.0, 9400.0, 9450.0, 9500.0, 9550.0, 9600.0, 9650.0, 9700.0, 9750.0, 9800.0, 9850.0, 9900.0, 9950.0, 10000.0, 10050.0, 10100.0, 10150.0, 10200.0, 10250.0, 10300.0, 10350.0, 10400.0, 10450.0, 10500.0, 10550.0, 10600.0, 10650.0, 10700.0, 10750.0, 10800.0, 10850.0, 10900.0, 10950.0, 11000.0, 11050.0, 11100.0, 11150.0, 11200.0, 11250.0, 11300.0, 11350.0, 11400.0, 11450.0, 11500.0, 11550.0, 11600.0, 11650.0, 11700.0, 11750.0, 11800.0, 11850.0, 11900.0, 11950.0, 12000.0, 12050.0, 12100.0, 12150.0, 12200.0, 12250.0, 12300.0, 12350.0, 12400.0, 12450.0, 12500.0, 12550.0, 12600.0, 12650.0, 12700.0, 12750.0, 12800.0, 12850.0, 12900.0, 12950.0, 13000.0, 13050.0, 13100.0, 13150.0, 13200.0, 13250.0, 13300.0, 13350.0, 13400.0, 13450.0, 13500.0, 13550.0, 13600.0, 13650.0, 13700.0, 13750.0, 13800.0, 13850.0, 13900.0, 13950.0, 14000.0, 14050.0, 14100.0, 14150.0, 14200.0, 14250.0, 14300.0, 14350.0, 14400.0, 14450.0, 14500.0, 14550.0, 14600.0, 14650.0, 14700.0, 14750.0, 14800.0, 14850.0, 14900.0, 14950.0, 15000.0,
rh_sc    = 0.4, 0.4, 0.4, 0.4, 0.4, 0.4, 0.4, 0.4, 0.4, 0.4, 0.4, 0.4, 0.4, 0.4, 0.4, 0.4, 0.4, 0.4, 0.4, 0.4, 0.4, 0.4, 0.4, 0.4, 0.4, 0.4, 0.4, 0.4, 0.4, 0.4, 0.4, 0.4, 0.4, 0.4, 0.4, 0.4, 0.4, 0.4, 0.4, 0.4, 0.4, 0.4, 0.4, 0.4, 0.4, 0.4, 0.4, 0.4, 0.4, 0.4, 0.4, 0.4, 0.4, 0.4, 0.4, 0.4, 0.4, 0.4, 0.4, 0.4, 0.4, 0.4, 0.4, 0.4, 0.4, 0.4, 0.4, 0.4, 0.4, 0.4, 0.4, 0.4, 0.4, 0.4, 0.4, 0.4, 0.4, 0.4, 0.4, 0.4, 0.4, 0.4, 0.4, 0.4, 0.4, 0.4, 0.4, 0.4, 0.4, 0.4, 0.4, 0.4, 0.4, 0.4, 0.4, 0.4, 0.4, 0.4, 0.4, 0.4, 0.4, 0.4, 0.4, 0.4, 0.4, 0.4, 0.4, 0.4, 0.4, 0.4, 0.4, 0.4, 0.4, 0.4, 0.4, 0.4, 0.4, 0.4, 0.4, 0.4, 0.4, 0.4, 0.4, 0.4, 0.4, 0.4, 0.4, 0.4, 0.4, 0.4, 0.4, 0.4, 0.4, 0.4, 0.4, 0.4, 0.4, 0.4, 0.4, 0.4, 0.4, 0.4, 0.4, 0.4, 0.4, 0.4, 0.4, 0.4, 0.4, 0.4, 0.4, 0.4, 0.4, 0.4, 0.4, 0.4, 0.4, 0.4, 0.4, 0.4, 0.4, 0.4, 0.4, 0.4, 0.4, 0.4, 0.4, 0.4, 0.4, 0.4, 0.4, 0.4, 0.4, 0.4, 0.4, 0.4, 0.4, 0.4, 0.4, 0.4, 0.4, 0.4, 0.4, 0.4, 0.4, 0.4, 0.4, 0.4, 0.4, 0.4, 0.4, 0.4, 0.4, 0.4, 0.4, 0.4, 0.4, 0.4, 0.4, 0.4, 0.4, 0.4, 0.4, 0.4, 0.4, 0.4, 0.4, 0.4, 0.4, 0.4, 0.4, 0.4, 0.4, 0.4, 0.4, 0.4, 0.4, 0.4, 0.4, 0.4, 0.4, 0.4, 0.4, 0.4, 0.4, 0.4, 0.4, 0.4, 0.4, 0.4, 0.4, 0.4, 0.4, 0.4, 0.4, 0.4, 0.4, 0.4, 0.4, 0.4, 0.4, 0.4, 0.4, 0.4, 0.4, 0.4, 0.4, 0.4, 0.4, 0.4, 0.4, 0.4, 0.4, 0.4, 0.4, 0.4, 0.4, 0.4, 0.4, 0.4, 0.4, 0.4, 0.4, 0.4, 0.4, 0.4, 0.4, 0.4, 0.4, 0.4, 0.4, 0.4, 0.4, 0.4, 0.4, 0.4, 0.4, 0.4, 0.4, 0.4, 0.4, 0.4, 0.4, 0.4, 0.4, 0.4, 0.4, 0.4, 0.4, 0.4, 0.4, 0.4, 0.4, 0.4, 0.4, 0.4, 0.4, 0.4, 0.4, 0.4, 0.4,
rh_z_sc  = 0.0, 50.0, 100.0, 150.0, 200.0, 250.0, 300.0, 350.0, 400.0, 450.0, 500.0, 550.0, 600.0, 650.0, 700.0, 750.0, 800.0, 850.0, 900.0, 950.0, 1000.0, 1050.0, 1100.0, 1150.0, 1200.0, 1250.0, 1300.0, 1350.0, 1400.0, 1450.0, 1500.0, 1550.0, 1600.0, 1650.0, 1700.0, 1750.0, 1800.0, 1850.0, 1900.0, 1950.0, 2000.0, 2050.0, 2100.0, 2150.0, 2200.0, 2250.0, 2300.0, 2350.0, 2400.0, 2450.0, 2500.0, 2550.0, 2600.0, 2650.0, 2700.0, 2750.0, 2800.0, 2850.0, 2900.0, 2950.0, 3000.0, 3050.0, 3100.0, 3150.0, 3200.0, 3250.0, 3300.0, 3350.0, 3400.0, 3450.0, 3500.0, 3550.0, 3600.0, 3650.0, 3700.0, 3750.0, 3800.0, 3850.0, 3900.0, 3950.0, 4000.0, 4050.0, 4100.0, 4150.0, 4200.0, 4250.0, 4300.0, 4350.0, 4400.0, 4450.0, 4500.0, 4550.0, 4600.0, 4650.0, 4700.0, 4750.0, 4800.0, 4850.0, 4900.0, 4950.0, 5000.0, 5050.0, 5100.0, 5150.0, 5200.0, 5250.0, 5300.0, 5350.0, 5400.0, 5450.0, 5500.0, 5550.0, 5600.0, 5650.0, 5700.0, 5750.0, 5800.0, 5850.0, 5900.0, 5950.0, 6000.0, 6050.0, 6100.0, 6150.0, 6200.0, 6250.0, 6300.0, 6350.0, 6400.0, 6450.0, 6500.0, 6550.0, 6600.0, 6650.0, 6700.0, 6750.0, 6800.0, 6850.0, 6900.0, 6950.0, 7000.0, 7050.0, 7100.0, 7150.0, 7200.0, 7250.0, 7300.0, 7350.0, 7400.0, 7450.0, 7500.0, 7550.0, 7600.0, 7650.0, 7700.0, 7750.0, 7800.0, 7850.0, 7900.0, 7950.0, 8000.0, 8050.0, 8100.0, 8150.0, 8200.0, 8250.0, 8300.0, 8350.0, 8400.0, 8450.0, 8500.0, 8550.0, 8600.0, 8650.0, 8700.0, 8750.0, 8800.0, 8850.0, 8900.0, 8950.0, 9000.0, 9050.0, 9100.0, 9150.0, 9200.0, 9250.0, 9300.0, 9350.0, 9400.0, 9450.0, 9500.0, 9550.0, 9600.0, 9650.0, 9700.0, 9750.0, 9800.0, 9850.0, 9900.0, 9950.0, 10000.0, 10050.0, 10100.0, 10150.0, 10200.0, 10250.0, 10300.0, 10350.0, 10400.0, 10450.0, 10500.0, 10550.0, 10600.0, 10650.0, 10700.0, 10750.0, 10800.0, 10850.0, 10900.0, 10950.0, 11000.0, 11050.0, 11100.0, 11150.0, 11200.0, 11250.0, 11300.0, 11350.0, 11400.0, 11450.0, 11500.0, 11550.0, 11600.0, 11650.0, 11700.0, 11750.0, 11800.0, 11850.0, 11900.0, 11950.0, 12000.0, 12050.0, 12100.0, 12150.0, 12200.0, 12250.0, 12300.0, 12350.0, 12400.0, 12450.0, 12500.0, 12550.0, 12600.0, 12650.0, 12700.0, 12750.0, 12800.0, 12850.0, 12900.0, 12950.0, 13000.0, 13050.0, 13100.0, 13150.0, 13200.0, 13250.0, 13300.0, 13350.0, 13400.0, 13450.0, 13500.0, 13550.0, 13600.0, 13650.0, 13700.0, 13750.0, 13800.0, 13850.0, 13900.0, 13950.0, 14000.0, 14050.0, 14100.0, 14150.0, 14200.0, 14250.0, 14300.0, 14350.0, 14400.0, 14450.0, 14500.0, 14550.0, 14600.0, 14650.0, 14700.0, 14750.0, 14800.0, 14850.0, 14900.0, 14950.0, 15000.0,
/
